GAMS 52.2.0  d8e408be Dec 8, 2025           WEX-WEI x86 64bit/MS Windows - 01/05/26 20:31:01 Page 1
G e n e r a l   A l g e b r a i c   M o d e l i n g   S y s t e m
C o m p i l a t i o n


   1  Sets
   2      n  /f1*f10/
   3      t  /tm1, tm2/;
   4   
   5  Alias(n,i,j);
   6   
   7  Set tnNode(t,n);
   8  tnNode('tm1','f2') = yes;
   9  tnNode('tm2','f8') = yes;
  10   
  11  Set amNode(n);
  12  amNode('f8') = yes;
  13   
  14  Table dist(i,j)
  15          f1     f2     f3     f4     f5     f6     f7     f8     f9     f10
  16  f1      0.000  0.994  0.811  1.889  1.491  1.684  1.362  0.594  0.641  0.245
  17  f2      0.994  0.000  0.079 10.752 10.481 10.516 10.245  9.444  9.018  9.163
  18  f3      0.811  0.079  0.000  2.299  1.708  2.147  1.822  0.570  0.175  0.996
  19  f4      1.889 10.752  2.299  0.000  0.689  0.239  0.529  1.730  2.224  1.667
  20  f5      1.491 10.481  1.708  0.689  0.000  0.666  0.525  1.162  2.060  1.321
  21  f6      1.684 10.516  2.147  0.239  0.666  0.000  0.390  1.577  2.060  1.456
  22  f7      1.362 10.245  1.822  0.529  0.525  0.390  0.000  1.253  1.732  1.138
  23  f8      0.594  9.444  0.570  1.730  1.162  1.577  1.253  0.000  0.505  0.638
  24  f9      0.641  9.018  0.175  2.224  2.060  2.060  1.732  0.505  0.000  0.837
  25  f10     0.245  9.163  0.996  1.667  1.321  1.456  1.138  0.638  0.837  0.000
  26  ;
  27   
  28  Binary Variable send(t,n);
  29  Variable z2;
  30   
  31  Equations obj2, mustSend(t);
  32   
  33  obj2..
  34      z2 =e= sum((t,i,j)$(tnNode(t,i) and amNode(j)), dist(i,j) * send(t,j));
  35   
  36  mustSend(t)..
  37      sum(j$amNode(j), send(t,j)) =e= 1;
  38   
  39  Model TM_to_AM_km /all/;
  40  Solve TM_to_AM_km using MIP minimizing z2;
  41   
  42  file rota2 /rota_2_kademe.txt/;
  43  put rota2;
  44  put "2. KADEME (TM -> AM) SECILEN ROTA" /;
  45   
  46  loop(t,
  47      loop(j$(send.l(t,j) > 0.5),
  48          put "TM: ", t.tl:0, " -> AM: ", j.tl:0, "   Mesafe(km): ",
  49              sum(i$tnNode(t,i), dist(i,j)):8:3 /;
  50      );
  51  );
  52   
  53  putclose rota2;
  54   
  55  Display z2.l, send.l;


COMPILATION TIME     =        0.000 SECONDS      3 MB  52.2.0 d8e408be WEX-WEI
GAMS 52.2.0  d8e408be Dec 8, 2025           WEX-WEI x86 64bit/MS Windows - 01/05/26 20:31:01 Page 2
G e n e r a l   A l g e b r a i c   M o d e l i n g   S y s t e m
Equation Listing    SOLVE TM_to_AM_km Using MIP From line 40


---- obj2  =E=  

obj2..  - 9.444*send(tm1,f8) + z2 =E= 0 ; (LHS = 0)
     

---- mustSend  =E=  

mustSend(tm1)..  send(tm1,f8) =E= 1 ; (LHS = 0, INFES = 1 ****)
     
mustSend(tm2)..  send(tm2,f8) =E= 1 ; (LHS = 0, INFES = 1 ****)
     
GAMS 52.2.0  d8e408be Dec 8, 2025           WEX-WEI x86 64bit/MS Windows - 01/05/26 20:31:01 Page 3
G e n e r a l   A l g e b r a i c   M o d e l i n g   S y s t e m
Column Listing      SOLVE TM_to_AM_km Using MIP From line 40


---- send  

send(tm1,f8)
                (.LO, .L, .UP, .M = 0, 0, 1, 0)
       -9.444   obj2
        1       mustSend(tm1)

send(tm2,f8)
                (.LO, .L, .UP, .M = 0, 0, 1, 0)
        1       mustSend(tm2)


---- z2  

z2
                (.LO, .L, .UP, .M = -INF, 0, +INF, 0)
        1       obj2

GAMS 52.2.0  d8e408be Dec 8, 2025           WEX-WEI x86 64bit/MS Windows - 01/05/26 20:31:01 Page 4
G e n e r a l   A l g e b r a i c   M o d e l i n g   S y s t e m
Range Statistics    SOLVE TM_to_AM_km Using MIP From line 40


RANGE STATISTICS (ABSOLUTE NON-ZERO FINITE VALUES)

RHS       [min, max] : [ 1.000E+00, 1.000E+00] - Zero values observed as well
Bound     [min, max] : [ 1.000E+00, 1.000E+00] - Zero values observed as well
Matrix    [min, max] : [ 1.000E+00, 9.444E+00]

GAMS 52.2.0  d8e408be Dec 8, 2025           WEX-WEI x86 64bit/MS Windows - 01/05/26 20:31:01 Page 5
G e n e r a l   A l g e b r a i c   M o d e l i n g   S y s t e m
Model Statistics    SOLVE TM_to_AM_km Using MIP From line 40


MODEL STATISTICS

BLOCKS OF EQUATIONS           2     SINGLE EQUATIONS            3
BLOCKS OF VARIABLES           2     SINGLE VARIABLES            3
NON ZERO ELEMENTS             4     DISCRETE VARIABLES          2


GENERATION TIME      =        0.031 SECONDS      4 MB  52.2.0 d8e408be WEX-WEI
GAMS 52.2.0  d8e408be Dec 8, 2025           WEX-WEI x86 64bit/MS Windows - 01/05/26 20:31:01 Page 6
G e n e r a l   A l g e b r a i c   M o d e l i n g   S y s t e m
Solution Report     SOLVE TM_to_AM_km Using MIP From line 40


               S O L V E      S U M M A R Y

     MODEL   TM_to_AM_km         OBJECTIVE  z2
     TYPE    MIP                 DIRECTION  MINIMIZE
     SOLVER  CPLEX               FROM LINE  40

**** SOLVER STATUS     1 Normal Completion
**** MODEL STATUS      1 Optimal
**** OBJECTIVE VALUE                9.4440

 RESOURCE USAGE, LIMIT          0.015 10000000000.000
 ITERATION COUNT, LIMIT         0    2147483647
*** This solver runs with a demo license. No commercial use.
--- GMO setup time: 0.00s
--- GMO memory 0.50 Mb (peak 0.50 Mb)
--- Dictionary memory 0.00 Mb
--- Cplex 22.1.2.0 link memory 0.00 Mb (peak 0.00 Mb)
--- Starting Cplex


--- MIP status (101): integer optimal solution.
--- Cplex Time: 0.02sec (det. 0.00 ticks)

--- Returning a primal only solution to GAMS (marginals all set to NA).
--- Fixing integer variables and solving final LP...


--- Fixed MIP status (1): optimal.
--- Cplex Time: 0.00sec (det. 0.00 ticks)


Proven optimal solution
MIP Solution:            9.444000    (0 iterations, 0 nodes)
Final Solve:             9.444000    (0 iterations)

Best possible:           9.444000
Absolute gap:            0.000000
Relative gap:            0.000000


                           LOWER          LEVEL          UPPER         MARGINAL

---- EQU obj2                .              .              .             1.0000      

---- EQU mustSend  

           LOWER          LEVEL          UPPER         MARGINAL

tm1         1.0000         1.0000         1.0000          .          
tm2         1.0000         1.0000         1.0000          .          

---- VAR send  

              LOWER          LEVEL          UPPER         MARGINAL

tm1.f8          .             1.0000         1.0000         9.4440      
tm2.f8          .             1.0000         1.0000         EPS         

                           LOWER          LEVEL          UPPER         MARGINAL

---- VAR z2                -INF            9.4440        +INF             .          


**** REPORT SUMMARY :        0     NONOPT
                             0 INFEASIBLE
                             0  UNBOUNDED
GAMS 52.2.0  d8e408be Dec 8, 2025           WEX-WEI x86 64bit/MS Windows - 01/05/26 20:31:01 Page 7
G e n e r a l   A l g e b r a i c   M o d e l i n g   S y s t e m
E x e c u t i o n


----     55 VARIABLE z2.L                  =        9.444  

----     55 VARIABLE send.L  

             f8

tm1       1.000
tm2       1.000


**** REPORT FILE SUMMARY

rota2 C:\Users\Lenovo\Desktop\BTRME_~1\rota_2_kademe.txt


EXECUTION TIME       =        0.250 SECONDS      4 MB  52.2.0 d8e408be WEX-WEI


USER: GAMS Demo, for EULA and demo limitations see   G251112+0003Cc-GEN
      https://www.gams.com/latest/docs/UG%5FLicense.html         DC0000


**** FILE SUMMARY

Input      C:\Users\Lenovo\Desktop\aaaaa\tm-am rota.gms
Output     C:\Users\Lenovo\Desktop\BTRME_~1\tm-am rota.lst
